/p: 191.03
qz: 191.03
/;: 177.26
az: 177.26
;p: 176.08
aq: 176.08
.o: 163.88
wx: 163.88
,/: 162.14
,;: 162.14
,a: 162.14
,p: 162.14
,q: 162.14
,z: 162.14
./: 162.14
.;: 162.14
.a: 162.14
.p: 162.14
.q: 162.14
.z: 162.14
//: 162.14
/a: 162.14
/q: 162.14
/z: 162.14
;;: 162.14
;a: 162.14
;q: 162.14
;z: 162.14
aa: 162.14
ap: 162.14
bp: 162.14
bq: 162.14
bz: 162.14
cp: 162.14
cq: 162.14
cz: 162.14
dp: 162.14
dq: 162.14
dz: 162.14
ep: 162.14
eq: 162.14
ez: 162.14
fp: 162.14
fq: 162.14
fz: 162.14
gp: 162.14
gq: 162.14
gz: 162.14
hp: 162.14
hq: 162.14
hz: 162.14
ip: 162.14
iq: 162.14
iz: 162.14
jp: 162.14
jq: 162.14
jz: 162.14
kp: 162.14
kq: 162.14
kz: 162.14
lp: 162.14
lq: 162.14
lz: 162.14
mp: 162.14
mq: 162.14
mz: 162.14
np: 162.14
nq: 162.14
nz: 162.14
op: 162.14
oq: 162.14
oz: 162.14
pp: 162.14
pq: 162.14
pz: 162.14
qq: 162.14
rz: 162.14
sz: 162.14
tz: 162.14
uz: 162.14
vz: 162.14
wz: 162.14
xz: 162.14
yz: 162.14
zz: 162.14
br: 155.34
my: 155.34
.l: 152.07
sx: 152.07
lo: 151.06
sw: 151.06
bt: 149.81
mu: 149.81
ny: 149.81
rv: 149.81
nu: 148.53
tv: 148.53
bf: 146.27
hm: 146.27
gr: 144.13
jy: 144.13
ft: 140.41
hu: 140.41
,.: 139.1
,l: 139.1
,o: 139.1
,s: 139.1
,w: 139.1
,x: 139.1
..: 139.1
.s: 139.1
.w: 139.1
.x: 139.1
/l: 139.1
/o: 139.1
/s: 139.1
/w: 139.1
/x: 139.1
;l: 139.1
;o: 139.1
;s: 139.1
;w: 139.1
;x: 139.1
al: 139.1
ao: 139.1
as: 139.1
aw: 139.1
ax: 139.1
bl: 139.1
bo: 139.1
bs: 139.1
bw: 139.1
bx: 139.1
cl: 139.1
co: 139.1
cs: 139.1
cw: 139.1
cx: 139.1
dl: 139.1
do: 139.1
ds: 139.1
dw: 139.1
dx: 139.1
el: 139.1
eo: 139.1
es: 139.1
ew: 139.1
ex: 139.1
fl: 139.1
fo: 139.1
fs: 139.1
fw: 139.1
fx: 139.1
gl: 139.1
go: 139.1
gs: 139.1
gw: 139.1
gx: 139.1
hl: 139.1
ho: 139.1
hs: 139.1
hw: 139.1
hx: 139.1
il: 139.1
io: 139.1
is: 139.1
iw: 139.1
ix: 139.1
jl: 139.1
jo: 139.1
js: 139.1
jw: 139.1
jx: 139.1
kl: 139.1
ko: 139.1
ks: 139.1
kw: 139.1
kx: 139.1
ll: 139.1
ls: 139.1
lw: 139.1
lx: 139.1
mo: 139.1
ms: 139.1
mw: 139.1
mx: 139.1
no: 139.1
ns: 139.1
nw: 139.1
nx: 139.1
oo: 139.1
os: 139.1
ow: 139.1
ox: 139.1
ps: 139.1
pw: 139.1
px: 139.1
qs: 139.1
qw: 139.1
qx: 139.1
rs: 139.1
rw: 139.1
rx: 139.1
ss: 139.1
tw: 139.1
tx: 139.1
uw: 139.1
ux: 139.1
vw: 139.1
vx: 139.1
ww: 139.1
xx: 139.1
bg: 139.01
fv: 139.01
gv: 139.01
hn: 139.01
jm: 139.01
jn: 139.01
fr: 138.08
gt: 138.08
hy: 138.08
ju: 138.08
bv: 137.76
fg: 137.76
hj: 137.76
mn: 137.76
rt: 137.76
uy: 137.76
,i: 137.74
ce: 137.74
,k: 127.81
cd: 127.81
,b: 127.15
,f: 127.15
,g: 127.15
,h: 127.15
,j: 127.15
,m: 127.15
,n: 127.15
,r: 127.15
,t: 127.15
,u: 127.15
,v: 127.15
,y: 127.15
.b: 127.15
.f: 127.15
.g: 127.15
.h: 127.15
.j: 127.15
.m: 127.15
.n: 127.15
.r: 127.15
.t: 127.15
.u: 127.15
.v: 127.15
.y: 127.15
/b: 127.15
/f: 127.15
/g: 127.15
/h: 127.15
/j: 127.15
/m: 127.15
/n: 127.15
/r: 127.15
/t: 127.15
/u: 127.15
/v: 127.15
/y: 127.15
;b: 127.15
;f: 127.15
;g: 127.15
;h: 127.15
;j: 127.15
;m: 127.15
;n: 127.15
;r: 127.15
;t: 127.15
;u: 127.15
;v: 127.15
;y: 127.15
ab: 127.15
af: 127.15
ag: 127.15
ah: 127.15
aj: 127.15
am: 127.15
an: 127.15
ar: 127.15
at: 127.15
au: 127.15
av: 127.15
ay: 127.15
bb: 127.15
bh: 127.15
bj: 127.15
bm: 127.15
bn: 127.15
bu: 127.15
by: 127.15
cf: 127.15
cg: 127.15
ch: 127.15
cj: 127.15
cm: 127.15
cn: 127.15
cr: 127.15
ct: 127.15
cu: 127.15
cv: 127.15
cy: 127.15
df: 127.15
dg: 127.15
dh: 127.15
dj: 127.15
dm: 127.15
dn: 127.15
dr: 127.15
dt: 127.15
du: 127.15
dv: 127.15
dy: 127.15
ef: 127.15
eg: 127.15
eh: 127.15
ej: 127.15
em: 127.15
en: 127.15
er: 127.15
et: 127.15
eu: 127.15
ev: 127.15
ey: 127.15
ff: 127.15
fh: 127.15
fj: 127.15
fm: 127.15
fn: 127.15
fu: 127.15
fy: 127.15
gg: 127.15
gh: 127.15
gj: 127.15
gm: 127.15
gn: 127.15
gu: 127.15
gy: 127.15
hh: 127.15
hr: 127.15
ht: 127.15
hv: 127.15
ij: 127.15
im: 127.15
in: 127.15
ir: 127.15
it: 127.15
iu: 127.15
iv: 127.15
iy: 127.15
jj: 127.15
jr: 127.15
jt: 127.15
jv: 127.15
km: 127.15
kn: 127.15
kr: 127.15
kt: 127.15
ku: 127.15
kv: 127.15
ky: 127.15
lm: 127.15
ln: 127.15
lr: 127.15
lt: 127.15
lu: 127.15
lv: 127.15
ly: 127.15
mm: 127.15
mr: 127.15
mt: 127.15
mv: 127.15
nn: 127.15
nr: 127.15
nt: 127.15
nv: 127.15
or: 127.15
ot: 127.15
ou: 127.15
ov: 127.15
oy: 127.15
pr: 127.15
pt: 127.15
pu: 127.15
pv: 127.15
py: 127.15
qr: 127.15
qt: 127.15
qu: 127.15
qv: 127.15
qy: 127.15
rr: 127.15
ru: 127.15
ry: 127.15
st: 127.15
su: 127.15
sv: 127.15
sy: 127.15
tt: 127.15
tu: 127.15
ty: 127.15
uu: 127.15
uv: 127.15
vv: 127.15
vy: 127.15
wy: 127.15
xy: 127.15
yy: 127.15
de: 126.96
ik: 126.96
,,: 116.91
,c: 116.91
,d: 116.91
,e: 116.91
.c: 116.91
.d: 116.91
.e: 116.91
.i: 116.91
.k: 116.91
/c: 116.91
/d: 116.91
/e: 116.91
/i: 116.91
/k: 116.91
;c: 116.91
;d: 116.91
;e: 116.91
;i: 116.91
;k: 116.91
ac: 116.91
ad: 116.91
ae: 116.91
ai: 116.91
ak: 116.91
bc: 116.91
bd: 116.91
be: 116.91
bi: 116.91
bk: 116.91
cc: 116.91
ci: 116.91
ck: 116.91
dd: 116.91
di: 116.91
dk: 116.91
ee: 116.91
ei: 116.91
ek: 116.91
fi: 116.91
fk: 116.91
gi: 116.91
gk: 116.91
hi: 116.91
hk: 116.91
ii: 116.91
jk: 116.91
kk: 116.91